f1=40; %mm
f2=165; %mm
d3 = 95; %mm



d1 = ((f1^2)/f2) + f1 - (d3*(f1/f2)^2)
d2 = f1 + f2 %mm