%Ryan Lawhon
%Emission spectra for first data set

tic

lambda_ruth=406:2:850;     %wavelength values for ruthenium emission
lambda_por=464:2:944;      %wavelength values for porphyrin emission
lambda_trans_ruth=572:648; %wavelength values for ruthenium filter
lambda_trans_por=664:739;  %wavelength values for porphyrin filter
lambda_trans_510=467:553;  %wavelength values for 510 filter
lambda_pmt=200:100:900;    %wavelength range for pmt components



emit_ruth=[0 %406          ruthenium emission spectrum values
    50
    100
    150
    200
    250 
    300
    350
    400
    450
    500
    525
    550
    575
    600
    625
    650
    675
    700
    725
    750
    775
    800 %450
    850 
    900
    950
    1000
    1050
    1100
    1150
    1200
    1250 
    1300
    1350
    1400
    1450
    1500
    1550
    1600 %482
    1620
    1626
    1630
    1638
    1640
    1650
    1655
    1670
    1680  %500
    1684
    1688
    1700
    1710.4
    1716.9
    1726.3
    1734.2
    1738.5
    1744.21
    1746.808   %520 %%%%
    1792.851
    1813.871
    1905.962
    1961.018
    2026.087
    2017.077
    2115.185
    2207.290
    2401.527
    2582.766 %540
    2990.367
    3246.790
    3727.677
    4093.433
    4630.672
    5241.265
    6257.350
    7288.035
    8620.626
    9858.655 %560
    11773.563
    13781.055
    15549.682
    17896.275
    20702.652
    23438.236
    26279.119
    29177.014
    32350.830
    35070.465 %580
    38365.207
    41096.391
    44404.480
    46937.164
    49359.250
    52377.223
    54706.273
    56483.973
    58643.684
    59941.063 %600
    61178.395
    62394.816
    63248.207
    63317.445
    64290.133
    63987.215
    64061.648
    63509.668
    63028.109
    62377.258
    61774.121
    60889.375
    59763.629
    58701.418
    57306.980
    56158.578
    54915.148
    54054.063
    52150.121
    51211.168
    50011.941
    48403.180
    47615.699
    45783.578
    44458.727
    43183.871
    41950.738
    40520.223
    39157.109
    37736.816
    36441.910
    35404.574
    34202.859
    32503.402
    31586.115
    30062.676
    29067.350
    27912.197
    26640.102
    25925.299
    24607.920
    23536.441
    22787.371
    22004.197
    21205.166
    20434.768
    19250.459
    18639.393
    17782.207
    16813.416 %700 %%%%
    16000
    15200
    14400
    13600
    12800
    11000
    10500
    9775
    9000
    8200  %720
    7500
    6800
    6000
    5800
    5200
    4900
    3800
    3300
    3000
    2820  %740
    2650
    2420
    2370
    2300
    2240
    2180
    2050
    2000
    1950
    1900 %760
    1850
    1800
    1750
    1700
    1650
    1600
    1550
    1500
    1450
    1400 %780
    1350
    1300
    1250
    1200
    1150
    1100
    1050
    1000
    950
    900 %800
    850
    825
    800
    775
    750
    725
    700
    675
    650
    625 %820
    600
    575
    550
    525
    500
    450
    400
    350
    300
    250 %840
    200
    150
    100
    50
    0]';  %850
    
    emit_por=[              %porphyrin emission spectrum values
           100
           200
           300 
           400 
           500 
           600
           700
           800
           900
           1000
           1030
           1060
           1100
           1140
           1170
           1200
           1230
           1251
           1271.428  %500
           1283.436
           1265.424
           1306.452
           1226.899
           1240.407  %510
           1178.368
           1164.859
           1174.866
           1159.856
           1169.863  %520
           1141.845
           1123.835
           1153.352
           1156.354
           1167.861  %530
           1163.859
           1187.373
           1200.882
           1195.879
           1192.877 %540
           1208.887
           1234.404
           1366.995
           1339.475
           1370.998 %550
           1364.994
           1457.062
           1399.519
           1461.566
           1421.035 %560
           1460.065
           1532.622
           1550.136
           1629.203
           1631.705 %570
           1652.723
           1761.322
           1750.311
           1816.374
           1827.384 %580
           1860.917
           1853.910
           1836.894
           1819.877
           1829.887 %590
           1820.878
           1830.387
           1824.882
           1815.373
           1911.468 %600
           1911.968
           2045.107
           2139.212
           2148.222
           2374.993 %610
           2435.070
           2499.154
           2299.400
           2280.877
           2144.217 %620
           2159.735
           2022.083
           1919.976
           1970.028
           1903.960 %630
           1876.432
           1888.444
           1804.863
           1901.457
           1907.464 %640
           1961.018
           2092.159
           2264.858
           2439.075
           2710.445 %650
           3037.442
           3443.638
           3873.971
           4418.164
           4998.107 %660
           5474.425
           6242.300
           7045.618
           7878.899
           8892.884 %670
           10090.876
           11330.870
           13046.373
           14796.177
           16615.178 %680
           18833.801
           20590.439
           22420.029
           24881.455
           26566.582 %690
           28504.912
           29980.389
           31186.592
           32208.947
           32766.363 %700
           33010.031
           33235.918
           33253.219
           32420.502
           31074.779 %710
           30664.691
           29266.881
           28009.111
           26744.049
           25164.148 %720
           23685.785
           22363.871
           20923.055
           19531.818
           18324.844 %730
           16615.178
           14796.177
           13046.373
           11330.870
           10090.876 %740
           8892.884
           7878.899  
           7045.618         
           6242.300         
           5474.425 %750         
           4998.107         
           4418.164  
           3873.971         
           3443.638         
           3037.442         
           2710.445 %762
           2439.075
           2264.858
           2092.159
           1961.018 %770
           1907.464
           1901.457
           1804.863
           1888.444
           1876.432 %780
           1903.960
           1970.028
           1919.976
           2022.083
           2159.735 %790
           2144.217
           2280.877 %794
           2299.400
           2499.154
           2435.070 %800
           1911
           1815
           1824
           1830
           1821
           1830
           1820
           1837
           1854
           1861 %820
           1827
           1816
           1750
           1761
           1753
           1632
           1629
           1550
           1533
           1460 %840
           1421
           1462
           1400
           1457
           1365
           1371
           1339
           1367
           1234
           1209 %860
           1193
           1196
           1201
           1187
           1164
           1168
           1156
           1153
           1124
           1142 %880
           1170
           1160
           1175
           1165
           1178
           1240
           1227
           1306
           1265
           1283 %900
           1271
           1212
           1151
